  1        0     65 2592042    1     -1 1009884   -1     -1    -1  0   1  -1  -1  2  9 -1 -1
    2        0     71 2592046    1     -1 1010132   -1     -1    -1  0   1  -1  -1  2  9 -1 -1
    3       19 1038341 1893368    1     -1 1010108   -1     -1    -1  0   1  -1  -1  2  9 -1 -1
    4       19 1038342 1825976    1     -1  2172   -1     -1    -1  0   1  -1  -1  2  9 -1 -1
    5   516420     15 2592030    2     -1  4940   -1     -1    -1  0   2  -1  -1  1  8 -1 -1
    6  1284365     26 2012962    1     -1 14088   -1     -1    -1  1   3  -1  -1  1  8 -1 -1
    7  1284365     26 2290213    1     -1 13556   -1     -1    -1  1   3  -1  -1  1  8 -1 -1
    8  1284365     28 2058925    1     -1 14124   -1     -1    -1  1   3  -1  -1  1  8 -1 -1
    9  1284366     26 1782465    1     -1 14584   -1     -1    -1  1   3  -1  -1  1  8 -1 -1
   10  1284366     27 1831699    1     -1 14112   -1     -1    -1  1   3  -1  -1  1  8 -1 -1
   11  1389267    351 1573008    1     -1 351604   -1     -1    -1  0   4  -1  -1  1  8 -1 -1
   12  1389297    332 1572997    1     -1 351028   -1     -1    -1  0   4  -1  -1  1  8 -1 -1