    18  1764991      5  92810    8     -1 2989520   -1     -1    -1  0   6  -1  -1  6  1 -1 -1
    1        0     65 2592042    1     -1 1009884   -1     -1    -1  0   1  -1  -1  2  9 -1 -1
    2        0     71 2592046    1     -1 1010132   -1     -1    -1  0   1  -1  -1  2  9 -1 -1
    3       19 1038341 1893368    1     -1 1010108   -1     -1    -1  0   1  -1  -1  2  9 -1 -1
    4       19 1038342 1825976    1     -1  2172   -1     -1    -1  0   1  -1  -1  2  9 -1 -1
    5   516420     15 2592030    2     -1  4940   -1     -1    -1  0   2  -1  -1  1  8 -1 -1
    6  1284365     26 2012962    1     -1 14088   -1     -1    -1  1   3  -1  -1  1  8 -1 -1
    7  1284365     26 2290213    9     -1 13556   -1     -1    -1  1   3  -1  -1  1  8 -1 -1
    8  1284365     28 2058925    1     -1 14124   -1     -1    -1  1   3  -1  -1  1  8 -1 -1
    9  1284366     3 1782465    10    -1 14584   -1     -1    -1  1   3  -1  -1  1  8 -1 -1
   10  1284366     27 1831699    1     -1 14112   -1     -1    -1  1   3  -1  -1  1  8 -1 -1
   11  1389267    351 1573008    1     -1 351604   -1     -1    -1  0   4  -1  -1  1  8 -1 -1
   12  1389297    332 1572997    1     -1 351028   -1     -1    -1  0   4  -1  -1  1  8 -1 -1
   13  1477792      4 1484828    8     -1 351504   -1     -1    -1  0   4  -1  -1  1  8 -1 -1
   14  1480061     23 1482543    1     -1 352136   -1     -1    -1  0   4  -1  -1  1  8 -1 -1
   15  1666234     26 312610    1     -1 1690068   -1     -1    -1  0   5  -1  -1  2 11 -1 -1
   16  1669900      1 262547    1     -1 1558900   -1     -1    -1  0   5  -1  -1  2 11 -1 -1
   17  1734699      3 1227924    1     -1 351792   -1     -1    -1  0   4  -1  -1  1  8 -1 -1
   18  1764991      3  92810    8     -1 2989520   -1     -1    -1  0   6  -1  -1  6  1 -1 -1
