   54  1900557     19  84840    4     -1  7032   -1     -1    -1  1   7  -1  -1  3  7 -1 -1
   55  1900650     27  84902    4     -1  7032   -1     -1    -1  1   7  -1  -1  3  7 -1 -1
   56  1900764     14  85201    4     -1  7024   -1     -1    -1  1   7  -1  -1  3  7 -1 -1
   57  1901974     11 188490   16     -1 26744196   -1     -1    -1  1   6  -1  -1  6  4 -1 -1
   58  1915325     16    155    4     -1  6172   -1     -1    -1  0   7  -1  -1  3  7 -1 -1
   59  1915608     34  86515    4     -1  7012   -1     -1    -1  0   7  -1  -1  3  7 -1 -1
   60  1919913     14  84900    4     -1  7012   -1     -1    -1  1   7  -1  -1  3  7 -1 -1
   61  1920011     16  85141    4     -1  7000   -1     -1    -1  1   7  -1  -1  3  7 -1 -1
   62  1920439     18  84599    4     -1  6280   -1     -1    -1  1   7  -1  -1  3  7 -1 -1
   63  1927836     11   3766    1     -1  7620   -1     -1    -1  1  10  -1  -1  2  9 -1 -1
   64  1931297     22     89    4     -1  6208   -1     -1    -1  0   7  -1  -1  3  7 -1 -1
   65  1931447     18  86412    4     -1  7064   -1     -1    -1  0   7  -1  -1  3  7 -1 -1
   66  1931716     31     40    1     -1 71756   -1     -1    -1  0   4  -1  -1  1  8 -1 -1
   67  1931834     11  10744    1     -1 350280   -1     -1    -1  1   4  -1  -1  1  8 -1 -1
   68  1931885     31  10191    1     -1 350320   -1     -1    -1  1   4  -1  -1  1  8 -1 -1
   69  1931972     14   5435    1     -1 11012   -1     -1    -1  1  10  -1  -1  2  9 -1 -1
   70  1932447     32     13    1     -1  7832   -1     -1    -1  0   5  -1  -1  2 11 -1 -1
   71  1932600     18  46244    1     -1 1070428   -1     -1    -1  0   5  -1  -1  2 11 -1 -1
   72  1932778     32     12    1     -1  7924   -1     -1    -1  0   5  -1  -1  2 11 -1 -1
   73  1933156     13     12    1     -1  8064   -1     -1    -1  0   5  -1  -1  2 11 -1 -1
   74  1933270     14     12    1     -1  8860   -1     -1    -1  0   5  -1  -1  2 11 -1 -1
   75  1933323     13      1    1     -1  3544   -1     -1    -1  0   5  -1  -1  2 11 -1 -1
   76  1937446     10     10    1     -1  5504   -1     -1    -1  1  10  -1  -1  2  9 -1 -1
   77  1937551     10   3566    1     -1  7388   -1     -1    -1  1  10  -1  -1  2  9 -1 -1
   78  1938655     27    520   16     -1 53824   -1     -1    -1  1   8  -1  -1  2 11 -1 -1
   79  1943017     25  50999    1     -1 350280   -1     -1    -1  1   4  -1  -1  1  8 -1 -1
   80  1943037     26 1019563    1     -1 350908   -1     -1    -1  0   4  -1  -1  1  8 -1 -1
   81  1977038     15     13    1     -1  8044   -1     -1    -1  0   5  -1  -1  2 11 -1 -1
   82  1977564     22     29    1     -1  8860   -1     -1    -1  0   5  -1  -1  2 11 -1 -1
   83  1977716     25     33    1     -1  8048   -1     -1    -1  0   5  -1  -1  2 11 -1 -1
   84  1978849     20    752    1     -1 4621920   -1     -1    -1  0   5  -1  -1  2 11 -1 -1
   85  1978874     17  47214    1     -1 5354288   -1     -1    -1  1   5  -1  -1  2 11 -1 -1
   86  1984161     24  85260    4     -1  6992   -1     -1    -1  1   7  -1  -1  3  7 -1 -1
   87  1984395     29  85020    4     -1  6980   -1     -1    -1  1   7  -1  -1  3  7 -1 -1
   88  1984516     28  85020    4     -1  7004   -1     -1    -1  1   7  -1  -1  3  7 -1 -1
   89  1984631     12  84838    4     -1  6944   -1     -1    -1  1   7  -1  -1  3  7 -1 -1
   90  1984754     19  85262    4     -1  7032   -1     -1    -1  1   7  -1  -1  3  7 -1 -1
   91  1984884     32  84902    4     -1  7084   -1     -1    -1  1   7  -1  -1  3  7 -1 -1
   92  1984986     29  85021    4     -1  7032   -1     -1    -1  1   7  -1  -1  3  7 -1 -1
   93  1985106     13  84838    4     -1  6976   -1     -1    -1  1   7  -1  -1  3  7 -1 -1
   94  1985278     22  84840    4     -1  7056   -1     -1    -1  1   7  -1  -1  3  7 -1 -1
   95  1985379     23  84959    4     -1  7056   -1     -1    -1  1   7  -1  -1  3  7 -1 -1
   96  1985491     33  84901    4     -1  7088   -1     -1    -1  1   7  -1  -1  3  7 -1 -1
   97  1985603     17  84720    4     -1  7000   -1     -1    -1  1   7  -1  -1  3  7 -1 -1
   98  1985704     17  84840    4     -1  7032   -1     -1    -1  1   7  -1  -1  3  7 -1 -1
   99  1987507     14  84780    4     -1  6948   -1     -1    -1  1   7  -1  -1  3  7 -1 -1
  100  1987633     18  84781    4     -1  7012   -1     -1    -1  1   7  -1  -1  3  7 -1 -1
  101  1991171     29      0    1     -1  2300   -1     -1    -1  1  11  -1  -1  4  6 -1 -1
  102  2001152     48   6123    1     -1 343932   -1     -1    -1  1   4  -1  -1  3  5 -1 -1
  103  2002426     82  84658    4     -1  7032   -1     -1    -1  1   7  -1  -1  3  7 -1 -1
  104  2005483     77  84900    4     -1  7012   -1     -1    -1  1   7  -1  -1  3  7 -1 -1
  105  2005601     90  84661    4     -1  6968   -1     -1    -1  1   7  -1  -1  3  7 -1 -1
  106  2005976     85  84597    4     -1  6280   -1     -1    -1  1   7  -1  -1  3  7 -1 -1